1559.748413
1559.748413
1308.176025
2062.893066
2113.20752
1761.006226
1308.176025
654.088013
1710.691772
2113.20752
2062.893066
2566.037598
1056.60376
1610.062866
1610.062866
1559.748413
1207.547119
2213.836426
1911.949707
1358.490601
1710.691772
2515.723145
2716.981201
1207.547119
1911.949707
1006.289307
1056.60376
1459.119507
1157.232666
855.345886
1559.748413
2767.295654
1962.26416
2918.239014
955.974854
2213.836426
1257.861572
1811.320679
1559.748413
2264.150879
1911.949707
2566.037598
2062.893066
1610.062866
2817.610107
2616.352051
2515.723145
2264.150879
2012.578613
1408.805054
2968.553467
1710.691772
1660.377319
2113.20752
2163.521973
2062.893066
2314.465332
1962.26416
2867.924561
1962.26416
2918.239014
2415.094238
1660.377319
1459.119507
2012.578613
1610.062866
2716.981201
2415.094238
1761.006226
1559.748413
2566.037598
1962.26416
2767.295654
2515.723145
2163.521973
2113.20752
905.660339
2113.20752
2566.037598
2515.723145
2415.094238
2213.836426
2113.20752
1308.176025
2314.465332
2113.20752
2113.20752
3018.86792
1308.176025
1207.547119
1459.119507
1056.60376
1861.635132
1610.062866
2062.893066
3069.182373
2012.578613
1861.635132
3069.182373
1408.805054
704.402527
2616.352051
2817.610107
2666.666504
1660.377319
1207.547119
2113.20752
3119.496826
2314.465332
2314.465332
2465.408691
2364.779785
1710.691772
2264.150879
2062.893066
553.459106
1408.805054
2314.465332
1660.377319
1710.691772
3069.182373
2716.981201
1006.289307
1006.289307
603.77356
1056.60376
2415.094238
2062.893066
1962.26416
2968.553467
2213.836426
2415.094238
603.77356
503.144653
704.402527
503.144653
1710.691772
1207.547119
1106.918213
1710.691772
1459.119507
402.515717
201.257858
1106.918213
855.345886
402.515717
704.402527
503.144653
301.88678
201.257858
301.88678
201.257858
603.77356
352.201263
352.201263
503.144653
402.515717
201.257858
402.515717
402.515717
603.77356
553.459106
301.88678
654.088013
301.88678
301.88678
402.515717
503.144653
201.257858
503.144653
503.144653
704.402527
301.88678
452.83017
1761.006226
2163.521973
704.402527
402.515717
402.515717
402.515717
503.144653
603.77356
603.77356
402.515717
402.515717
402.515717
503.144653
503.144653
402.515717
1710.691772
2213.836426
3471.697998
3119.496826
3119.496826
2918.239014
2616.352051
3421.383545
3471.697998
2767.295654
503.144653
553.459106
754.71698
1006.289307
1106.918213
1157.232666
1408.805054
905.660339
1006.289307
855.345886
704.402527
704.402527
905.660339
1006.289307
1006.289307
704.402527
905.660339
452.83017
352.201263
301.88678
301.88678
352.201263
402.515717
201.257858
201.257858
402.515717
352.201263
654.088013
1811.320679
3924.52832
3773.584961
3421.383545
3522.012451
3572.326904
3320.754639
3320.754639
3119.496826
2716.981201
301.88678
402.515717
402.515717
402.515717
503.144653
704.402527
503.144653
503.144653
603.77356
452.83017
402.515717
301.88678
352.201263
754.71698
754.71698
654.088013
553.459106
955.974854
1962.26416
704.402527
1559.748413
1308.176025
1207.547119
1811.320679
1358.490601
603.77356
1056.60376
955.974854
1408.805054
2062.893066
2012.578613
754.71698
1157.232666
2515.723145
1308.176025
1207.547119
1106.918213
2314.465332
1056.60376
2364.779785
1157.232666
2616.352051
2515.723145
1207.547119
3069.182373
2364.779785
3320.754639
1761.006226
1559.748413
1861.635132
2113.20752
2415.094238
1710.691772
2213.836426
2566.037598
1559.748413
2314.465332
1056.60376
2213.836426
1459.119507
1056.60376
1408.805054
3270.440186
1610.062866
1459.119507
2062.893066
955.974854
402.515717
654.088013
1106.918213
402.515717
805.031433
905.660339
1006.289307
402.515717
301.88678
402.515717
402.515717
503.144653
754.71698
402.515717
301.88678
402.515717
402.515717
603.77356
402.515717
603.77356
955.974854
704.402527
805.031433
1207.547119
1106.918213
603.77356
1056.60376
1006.289307
301.88678
503.144653
301.88678
503.144653
301.88678
301.88678
201.257858
301.88678
301.88678
352.201263
301.88678
402.515717
503.144653
503.144653
100.628929
201.257858
201.257858
301.88678
402.515717
402.515717
402.515717
503.144653
402.515717
402.515717
402.515717
402.515717
503.144653
402.515717
301.88678
301.88678
201.257858
301.88678
301.88678
201.257858
301.88678
402.515717
301.88678
402.515717
704.402527
1106.918213
1006.289307
1207.547119
1006.289307
1207.547119
805.031433
2012.578613
1006.289307
1308.176025
1006.289307
1207.547119
1106.918213
603.77356
1207.547119
1610.062866
805.031433
402.515717
402.515717
603.77356
503.144653
402.515717
503.144653
402.515717
402.515717
553.459106
503.144653
402.515717
553.459106
754.71698
553.459106
452.83017
503.144653
805.031433
855.345886
603.77356
754.71698
654.088013
905.660339
553.459106
352.201263
654.088013
1056.60376
855.345886
1559.748413
754.71698
1106.918213
1660.377319
2314.465332
1358.490601
805.031433
1408.805054
1157.232666
1610.062866
2012.578613
2213.836426
1207.547119
2465.408691
1257.861572
2264.150879
2163.521973
2314.465332
1308.176025
2968.553467
2113.20752
2314.465332
2113.20752
1358.490601
1459.119507
1610.062866
1106.918213
2213.836426
2264.150879
855.345886
1006.289307
2113.20752
1257.861572
1308.176025
1006.289307
805.031433
1610.062866
1660.377319
2616.352051
1308.176025
2062.893066
1962.26416
1911.949707
2213.836426
2314.465332
2767.295654
1962.26416
2163.521973
2364.779785
1157.232666
2012.578613
1308.176025
1257.861572
2213.836426
2113.20752
855.345886
2415.094238
1459.119507
2415.094238
1610.062866
2012.578613
2314.465332
805.031433
2062.893066
1710.691772
1660.377319
2062.893066
955.974854
1811.320679
905.660339
1660.377319
1710.691772
2515.723145
1308.176025
2113.20752
905.660339
704.402527
1157.232666
2062.893066
3018.86792
2213.836426
2415.094238
1811.320679
1459.119507
704.402527
603.77356
503.144653
704.402527
905.660339
704.402527
603.77356
603.77356
603.77356
352.201263
603.77356
1106.918213
1811.320679
1509.43396
1207.547119
1710.691772
1610.062866
704.402527
805.031433
603.77356
1106.918213
452.83017
201.257858
452.83017
855.345886
1207.547119
603.77356
503.144653
402.515717
402.515717
704.402527
503.144653
503.144653
402.515717
603.77356
805.031433
905.660339
603.77356
704.402527
503.144653
603.77356
603.77356
503.144653
704.402527
704.402527
503.144653
402.515717
503.144653
1006.289307
1811.320679
1911.949707
2012.578613
2616.352051
2515.723145
2515.723145
1710.691772
1459.119507
1509.43396
2716.981201
2264.150879
452.83017
301.88678
402.515717
402.515717
402.515717
301.88678
603.77356
503.144653
704.402527
301.88678
754.71698
1006.289307
905.660339
1006.289307
1408.805054
704.402527
503.144653
603.77356
553.459106
805.031433
553.459106
1006.289307
603.77356
452.83017
352.201263
201.257858
352.201263
704.402527
553.459106
805.031433
603.77356
754.71698
301.88678
301.88678
452.83017
603.77356
503.144653
503.144653
503.144653
402.515717
402.515717
805.031433
905.660339
603.77356
603.77356
704.402527
503.144653
704.402527
805.031433
402.515717
402.515717
704.402527
452.83017
654.088013
503.144653
603.77356
704.402527
603.77356
402.515717
955.974854
805.031433
754.71698
754.71698
805.031433
603.77356
704.402527
704.402527
805.031433
1207.547119
1257.861572
1509.43396
1710.691772
603.77356
704.402527
1207.547119
1207.547119
1559.748413
1610.062866
1358.490601
1106.918213
1408.805054
1056.60376
2264.150879
2012.578613
1308.176025
1610.062866
955.974854
1157.232666
1610.062866
1911.949707
1509.43396
855.345886
553.459106
654.088013
1660.377319
2264.150879
1811.320679
1308.176025
1459.119507
1207.547119
1811.320679
2113.20752
1811.320679
2767.295654
2012.578613
2716.981201
1660.377319
1710.691772
2062.893066
1761.006226
1559.748413
1106.918213
2415.094238
1962.26416
1861.635132
1911.949707
955.974854
2566.037598
2465.408691
1257.861572
2364.779785
3018.86792
2113.20752
1911.949707
2062.893066
2314.465332
